arch-000: 2022-08-03 06:30:20,712 epoch 199 valid_acc 19.310000, valid_ae_acc 12.980000, best_acc 39.730000, best_ae_acc 19.260000
arch-001: 2022-08-03 06:19:11,134 epoch 199 valid_acc 30.980000, valid_ae_acc 14.740000, best_acc 44.760000, best_ae_acc 20.410000
arch-002: 2022-08-03 06:31:10,128 epoch 199 valid_acc 35.160000, valid_ae_acc 11.390000, best_acc 47.520000, best_ae_acc 18.420000
arch-003: 2022-08-03 05:31:00,619 epoch 199 valid_acc 28.790000, valid_ae_acc 10.450000, best_acc 41.890000, best_ae_acc 17.680000
arch-010: 2022-08-03 06:12:42,557 epoch 199 valid_acc 28.080000, valid_ae_acc 11.000000, best_acc 44.320000, best_ae_acc 19.140000
arch-011: 2022-08-03 05:35:47,799 epoch 199 valid_acc 38.930000, valid_ae_acc 12.720000, best_acc 47.440000, best_ae_acc 20.470000
arch-012: 2022-08-03 06:17:22,386 epoch 199 valid_acc 29.290000, valid_ae_acc 15.010000, best_acc 49.250000, best_ae_acc 18.440000
arch-013: 2022-08-03 05:27:47,828 epoch 199 valid_acc 32.270000, valid_ae_acc 13.380000, best_acc 42.530000, best_ae_acc 20.150000
arch-020: 2022-08-03 05:45:15,848 epoch 199 valid_acc 23.380000, valid_ae_acc 12.130000, best_acc 42.790000, best_ae_acc 19.090000
arch-021: 2022-08-03 05:29:30,879 epoch 199 valid_acc 39.280000, valid_ae_acc 12.550000, best_acc 48.420000, best_ae_acc 19.200000
arch-022: 2022-08-01 18:02:56,688 epoch 199 valid_acc 31.360000, valid_ae_acc 13.070000, best_acc 45.370000, best_ae_acc 20.260000
arch-023: 2022-08-01 15:54:41,661 epoch 199 valid_acc 28.760000, valid_ae_acc 12.960000, best_acc 48.210000, best_ae_acc 18.870000
arch-030: 2022-08-01 18:04:50,644 epoch 199 valid_acc 31.670000, valid_ae_acc 12.380000, best_acc 47.370000, best_ae_acc 19.910000
arch-031: 2022-08-01 17:15:38,124 epoch 199 valid_acc 26.860000, valid_ae_acc 14.360000, best_acc 44.810000, best_ae_acc 20.050000
arch-032: 2022-08-01 16:48:50,787 epoch 199 valid_acc 28.080000, valid_ae_acc 11.830000, best_acc 41.290000, best_ae_acc 20.130000
arch-033: 2022-08-01 16:56:23,810 epoch 199 valid_acc 34.750000, valid_ae_acc 11.220000, best_acc 47.810000, best_ae_acc 18.650000
arch-100: 2022-07-31 22:24:03,446 epoch 199 valid_acc 26.430000, valid_ae_acc 14.780000, best_acc 41.280000, best_ae_acc 17.520000
arch-101: 2022-07-31 21:22:58,646 epoch 199 valid_acc 34.470000, valid_ae_acc 14.640000, best_acc 47.670000, best_ae_acc 21.240000
arch-111: 2022-08-03 05:08:21,506 epoch 199 valid_acc 22.940000, valid_ae_acc 14.990000, best_acc 41.700000, best_ae_acc 19.030000
arch-222: 2022-08-02 14:50:28,184 epoch 199 valid_acc 28.170000, valid_ae_acc 8.600000, best_acc 40.300000, best_ae_acc 18.780000
arch-333: 2022-08-02 15:52:33,686 epoch 199 valid_acc 32.020000, valid_ae_acc 14.230000, best_acc 42.680000, best_ae_acc 18.210000
